p cnf 147 634
-2 -3 0
1 3 0
-3 0
1 -2 0
-2 -23 0
22 -2 0
-2 -44 0
43 -2 0
-1 2 23 44 0
-5 -6 0
4 6 0
6 0
26 2 0
26 8 0
2 8 0
-26 -2 -8 0
-8 -9 0
7 9 0
-9 0
7 -8 0
-8 -29 0
28 -8 0
-8 -50 0
49 -8 0
-7 8 29 50 0
-11 -12 0
10 12 0
12 0
-32 0
-8 0
-14 0
-14 -15 0
13 15 0
-15 0
13 -14 0
-14 -17 0
16 -14 0
-14 -20 0
19 -14 0
-14 -35 0
34 -14 0
-14 -56 0
55 -14 0
-13 14 17 20 35 56 0
-17 -18 0
16 18 0
-18 0
16 -17 0
-17 -14 0
13 -17 0
-17 -20 0
19 -17 0
-17 -38 0
37 -17 0
-17 -59 0
58 -17 0
-17 -80 0
79 -17 0
-17 -101 0
100 -17 0
-17 -122 0
121 -17 0
-16 17 14 20 38 59 80 101 122 0
-20 -21 0
19 21 0
-21 0
19 -20 0
-20 -17 0
16 -20 0
-20 -14 0
13 -20 0
-19 20 17 14 0
-23 -24 0
22 24 0
-24 0
22 -23 0
-23 -2 0
1 -23 0
-23 -26 0
25 -23 0
-23 -29 0
28 -23 0
-23 -32 0
31 -23 0
-23 -35 0
34 -23 0
-23 -38 0
37 -23 0
-23 -44 0
43 -23 0
-22 23 2 26 29 32 35 38 44 0
-26 -27 0
25 27 0
-27 0
25 -26 0
-26 -23 0
22 -26 0
-26 -29 0
28 -26 0
-26 -32 0
31 -26 0
-26 -35 0
34 -26 0
-26 -38 0
37 -26 0
-26 -47 0
46 -26 0
-26 -68 0
67 -26 0
-26 -89 0
88 -26 0
-26 -110 0
109 -26 0
-26 -131 0
130 -26 0
-25 26 23 29 32 35 38 47 68 89 110 131 0
-29 -30 0
28 30 0
-30 0
28 -29 0
-29 -8 0
7 -29 0
-29 -26 0
25 -29 0
-29 -23 0
22 -29 0
-29 -32 0
31 -29 0
-29 -35 0
34 -29 0
-29 -38 0
37 -29 0
-29 -50 0
49 -29 0
-28 29 8 26 23 32 35 38 50 0
-32 -33 0
31 33 0
-33 0
31 -32 0
-32 -29 0
28 -32 0
-32 -26 0
25 -32 0
-32 -23 0
22 -32 0
-32 -35 0
34 -32 0
-32 -38 0
37 -32 0
-31 32 29 26 23 35 38 0
-35 -36 0
34 36 0
-36 0
34 -35 0
-35 -14 0
13 -35 0
-35 -32 0
31 -35 0
-35 -29 0
28 -35 0
-35 -26 0
25 -35 0
-35 -23 0
22 -35 0
-35 -38 0
37 -35 0
-35 -56 0
55 -35 0
-34 35 14 32 29 26 23 38 56 0
-38 -39 0
37 39 0
-39 0
37 -38 0
-38 -17 0
16 -38 0
-38 -35 0
34 -38 0
-38 -32 0
31 -38 0
-38 -29 0
28 -38 0
-38 -26 0
25 -38 0
-38 -23 0
22 -38 0
-38 -59 0
58 -38 0
-38 -80 0
79 -38 0
-38 -101 0
100 -38 0
-38 -122 0
121 -38 0
-37 38 17 35 32 29 26 23 59 80 101 122 0
-41 -42 0
40 42 0
42 0
-44 -45 0
43 45 0
-45 0
43 -44 0
-44 -23 0
22 -44 0
-44 -2 0
1 -44 0
-44 -47 0
46 -44 0
-44 -50 0
49 -44 0
-43 44 23 2 47 50 0
-47 -48 0
46 48 0
-48 0
46 -47 0
-47 -26 0
25 -47 0
-47 -44 0
43 -47 0
-47 -50 0
49 -47 0
-47 -68 0
67 -47 0
-47 -89 0
88 -47 0
-47 -110 0
109 -47 0
-47 -131 0
130 -47 0
-46 47 26 44 50 68 89 110 131 0
-50 -51 0
49 51 0
-51 0
49 -50 0
-50 -29 0
28 -50 0
-50 -8 0
7 -50 0
-50 -47 0
46 -50 0
-50 -44 0
43 -50 0
-49 50 29 8 47 44 0
-53 -54 0
52 54 0
54 0
-32 -74 -50 -56 0
32 74 0
32 50 0
32 56 0
74 50 0
74 56 0
50 56 0
-56 -57 0
55 57 0
-57 0
55 -56 0
-56 -35 0
34 -56 0
-56 -14 0
13 -56 0
-56 -59 0
58 -56 0
-56 -62 0
61 -56 0
-55 56 35 14 59 62 0
-59 -60 0
58 60 0
-60 0
58 -59 0
-59 -38 0
37 -59 0
-59 -17 0
16 -59 0
-59 -56 0
55 -59 0
-59 -62 0
61 -59 0
-59 -80 0
79 -59 0
-59 -101 0
100 -59 0
-59 -122 0
121 -59 0
-58 59 38 17 56 62 80 101 122 0
-62 -63 0
61 63 0
-63 0
61 -62 0
-62 -59 0
58 -62 0
-62 -56 0
55 -62 0
-61 62 59 56 0
-65 -66 0
64 66 0
66 0
-68 -69 0
67 69 0
-69 0
67 -68 0
-68 -47 0
46 -68 0
-68 -26 0
25 -68 0
-68 -89 0
88 -68 0
-68 -110 0
109 -68 0
-68 -131 0
130 -68 0
-67 68 47 26 89 110 131 0
-71 -72 0
70 72 0
72 0
-74 -75 0
73 75 0
-75 0
73 -74 0
-73 74 0
-77 -78 0
76 78 0
78 0
-80 -81 0
79 81 0
-81 0
79 -80 0
-80 -59 0
58 -80 0
-80 -38 0
37 -80 0
-80 -17 0
16 -80 0
-80 -101 0
100 -80 0
-80 -122 0
121 -80 0
-79 80 59 38 17 101 122 0
-83 -84 0
82 84 0
84 0
-62 -104 -80 0
104 80 0
62 104 0
62 80 0
-86 -87 0
85 87 0
-87 0
85 -86 0
-86 -89 0
88 -86 0
-86 -92 0
91 -86 0
-85 86 89 92 0
-89 -90 0
88 90 0
-90 0
88 -89 0
-89 -68 0
67 -89 0
-89 -47 0
46 -89 0
-89 -26 0
25 -89 0
-89 -86 0
85 -89 0
-89 -92 0
91 -89 0
-89 -110 0
109 -89 0
-89 -131 0
130 -89 0
-88 89 68 47 26 86 92 110 131 0
-92 -93 0
91 93 0
-93 0
91 -92 0
-92 -89 0
88 -92 0
-92 -86 0
85 -92 0
-92 -113 0
112 -92 0
-92 -134 0
133 -92 0
-91 92 89 86 113 134 0
-95 -96 0
94 96 0
96 0
-74 -116 0
-74 -92 0
-74 -98 0
74 116 92 98 0
-116 -92 0
-116 -98 0
-92 -98 0
-98 -99 0
97 99 0
-99 0
97 -98 0
-98 -101 0
100 -98 0
-98 -104 0
103 -98 0
-98 -119 0
118 -98 0
-98 -140 0
139 -98 0
-97 98 101 104 119 140 0
-101 -102 0
100 102 0
-102 0
100 -101 0
-101 -80 0
79 -101 0
-101 -59 0
58 -101 0
-101 -38 0
37 -101 0
-101 -17 0
16 -101 0
-101 -98 0
97 -101 0
-101 -104 0
103 -101 0
-101 -122 0
121 -101 0
-100 101 80 59 38 17 98 104 122 0
-104 -105 0
103 105 0
-105 0
103 -104 0
-104 -101 0
100 -104 0
-104 -98 0
97 -104 0
-104 -125 0
124 -104 0
-104 -146 0
145 -104 0
-103 104 101 98 125 146 0
-107 -108 0
106 108 0
108 0
-110 -111 0
109 111 0
-111 0
109 -110 0
-110 -89 0
88 -110 0
-110 -68 0
67 -110 0
-110 -47 0
46 -110 0
-110 -26 0
25 -110 0
-110 -113 0
112 -110 0
-110 -116 0
115 -110 0
-110 -119 0
118 -110 0
-110 -122 0
121 -110 0
-110 -125 0
124 -110 0
-110 -131 0
130 -110 0
-109 110 89 68 47 26 113 116 119 122 125 131 0
-113 -114 0
112 114 0
-114 0
112 -113 0
-113 -92 0
91 -113 0
-113 -110 0
109 -113 0
-113 -116 0
115 -113 0
-113 -119 0
118 -113 0
-113 -122 0
121 -113 0
-113 -125 0
124 -113 0
-113 -134 0
133 -113 0
-112 113 92 110 116 119 122 125 134 0
-116 -117 0
115 117 0
-117 0
115 -116 0
-116 -113 0
112 -116 0
-116 -110 0
109 -116 0
-116 -119 0
118 -116 0
-116 -122 0
121 -116 0
-116 -125 0
124 -116 0
-115 116 113 110 119 122 125 0
-119 -120 0
118 120 0
-120 0
118 -119 0
-119 -98 0
97 -119 0
-119 -116 0
115 -119 0
-119 -113 0
112 -119 0
-119 -110 0
109 -119 0
-119 -122 0
121 -119 0
-119 -125 0
124 -119 0
-119 -140 0
139 -119 0
-118 119 98 116 113 110 122 125 140 0
-122 -123 0
121 123 0
-123 0
121 -122 0
-122 -101 0
100 -122 0
-122 -80 0
79 -122 0
-122 -59 0
58 -122 0
-122 -38 0
37 -122 0
-122 -17 0
16 -122 0
-122 -119 0
118 -122 0
-122 -116 0
115 -122 0
-122 -113 0
112 -122 0
-122 -110 0
109 -122 0
-122 -125 0
124 -122 0
-121 122 101 80 59 38 17 119 116 113 110 125 0
-125 -126 0
124 126 0
-126 0
124 -125 0
-125 -104 0
103 -125 0
-125 -122 0
121 -125 0
-125 -119 0
118 -125 0
-125 -116 0
115 -125 0
-125 -113 0
112 -125 0
-125 -110 0
109 -125 0
-125 -146 0
145 -125 0
-124 125 104 122 119 116 113 110 146 0
-128 -129 0
127 129 0
-129 0
127 -128 0
-128 -131 0
130 -128 0
-128 -134 0
133 -128 0
-127 128 131 134 0
-131 -132 0
130 132 0
-132 0
130 -131 0
-131 -110 0
109 -131 0
-131 -89 0
88 -131 0
-131 -68 0
67 -131 0
-131 -47 0
46 -131 0
-131 -26 0
25 -131 0
-131 -128 0
127 -131 0
-131 -134 0
133 -131 0
-130 131 110 89 68 47 26 128 134 0
-134 -135 0
133 135 0
-135 0
133 -134 0
-134 -113 0
112 -134 0
-134 -92 0
91 -134 0
-134 -131 0
130 -134 0
-134 -128 0
127 -134 0
-133 134 113 92 131 128 0
-137 -138 0
136 138 0
138 0
-140 -141 0
139 141 0
-141 0
139 -140 0
-140 -119 0
118 -140 0
-140 -98 0
97 -140 0
-139 140 119 98 0
-143 -144 0
142 144 0
144 0
-122 -140 0
-122 -146 0
122 140 146 0
-140 -146 0
-146 -147 0
145 147 0
-147 0
145 -146 0
-146 -125 0
124 -146 0
-146 -104 0
103 -146 0
-145 146 125 104 0

